2020-01-01 12 -2.05 749.7125 1 1
2020-01-02 7 -4.325 756.9 1 1
2020-01-03 8 -0.025 756.725 1 1
2020-01-04 2 -1.4625 752.5125 0 1
2020-01-05 10 -0.9875 755.7 1 1
2020-01-06 7 -3.25 766.9 1 1
2020-01-07 7 -4.3 769.425 1 1
2020-01-08 5 -4.9625 768.3125 0 1
2020-01-09 6 -2.25 759.7625 1 0
2020-01-10 2 -0.075 759.3625 0 0
2020-01-11 13 -2 760.8375 1 1
2020-01-12 7 -4.875 760.5625 1 1
2020-01-13 9 -0.825 752.05 1 0
2020-01-14 8 -0.1375 760.875 1 0
2020-01-15 13 -0.275 765.8 1 0
2020-01-16 22 1.6375 760.175 1 0
2020-01-17 34 2.2625 764.4875 1 0
2020-01-18 49 1.575 767.775 1 1
2020-01-19 96 -0.725 767.175 1 1
2020-01-20 65 0.3875 764.7125 1 0
2020-01-21 71 0.1875 753.525 1 0
2020-01-22 78 -0.1125 742.775 1 0
2020-01-23 110 -4.6625 747.8125 1 0
2020-01-24 97 -7.1 752.4375 1 0
2020-01-25 122 -0.55 744.175 1 1
2020-01-26 139 -2.775 750.2125 1 1
2020-01-27 106 -5.3625 755.25 1 0
2020-01-28 120 -12.3375 765.7125 1 0
2020-01-29 95 -5.925 761.05 1 0
2020-01-30 104 -3.525 756.5125 1 0
2020-01-31 141 -1.1625 750.1625 1 0
2020-02-01 97 -1.2 754.35 1 1
2020-02-02 117 -0.225 750.6125 1 1
2020-02-03 72 1.0125 737.4375 1 0
2020-02-04 26 -1.675 739.3625 1 0
2020-03-03 74 3.0125 762.975 1 0
2020-03-04 83 1.2625 764.3 1 0
2020-03-05 85 1 769.6625 0 0
2020-03-06 76 1.725 766.025 0 0
2020-03-07 126 4.3625 764.425 0 1
2020-03-08 119 3.8125 762.3 1 1
2020-03-09 108 3.3125 765.55 1 1
2020-03-10 73 3.45 761.9125 1 0
2020-03-11 112 6.4875 753.85 1 0
2020-03-12 94 6.9625 749.6625 1 0
2020-03-13 67 4.3625 742.4375 1 0
2020-03-14 91 2.8625 749.3125 1 1
2020-03-15 135 -1.3375 752.9625 1 1
2020-03-16 95 -2.075 764.6625 1 0
2020-03-17 97 1.8625 764.975 0 0
2020-03-18 83 4.25 765.8625 0 0
2020-03-19 97 4.9875 755.8125 1 0
2020-03-20 83 2.2875 756.3375 1 0
2020-03-21 34 -1.175 761.5875 1 1
2020-03-22 104 -4.075 772.5375 0 1
2020-03-23 98 -3.2375 776.3375 0 0
2020-03-24 122 -3.0875 770.9 1 0
2020-03-25 99 2.1625 771.9 0 0
2020-03-26 62 7.5625 770.4625 0 0
2020-03-27 113 7.3875 773.4625 0 0
2020-03-28 132 10.0375 768.675 0 1
2020-03-29 116 10.2625 759.625 0 1
2020-03-30 84 9.5375 754.0125 0 0
2020-03-31 110 -1.3 754.625 1 0
2020-04-01 122 -2.025 753.65 1 1
2020-04-02 116 1.625 751.8 1 1
2020-04-03 84 5.7875 755.8375 0 1
2020-04-04 125 6.9625 757.4125 1 1
2020-04-05 136 2.3875 763.975 1 1
2020-04-06 86 -0.4125 767.4875 1 1
2020-04-07 76 1.25 772.675 0 1
2020-04-08 99 7.8375 760.3875 0 1
2020-04-09 92 9.5625 759.8625 0 1
2020-04-10 90 7.3875 754.575 1 1
2020-04-11 83 3.7375 758.775 0 1
2020-04-12 116 1.4625 760.9125 0 1
2020-04-13 76 3.2125 759.975 0 1
2020-04-14 86 11.125 753.6 1 1
2020-04-15 82 6 748.8875 1 1
2020-04-16 90 1.7875 745.775 1 1
2020-04-17 110 3.025 743.4625 1 1
2020-04-18 101 2.6125 750.7375 1 1
2020-04-19 84 3.2625 758.4 1 1
2020-04-20 106 4.3 761.525 1 1
2020-04-21 125 5.05 758.0875 1 1
2020-04-22 102 1.5125 751.5125 1 1
2020-04-23 84 -0.6125 754.225 1 1
2020-04-24 84 0.9625 753.275 0 1
2020-04-25 100 4.625 747.4875 1 1
2020-04-26 114 3 751.3625 1 1
2020-04-27 83 3.275 752.7375 1 1
2020-04-28 100 6.4125 752.75 1 1
2020-04-29 63 6.2 751.725 1 1
2020-04-30 85 5.575 754.9875 0 1
2020-05-01 80 6.025 761.8875 0 0
2020-05-02 124 7.925 764.1625 0 1
2020-05-03 80 12.3125 763.7875 0 1
2020-05-04 107 17.625 763.125 0 1
2020-05-05 68 19.725 761.075 1 1
2020-05-06 101 18.35 757.5875 0 1
2020-05-07 96 16.825 754 1 1
2020-05-08 96 15.8125 755.525 1 1
2020-05-09 80 13.4 755.75 1 1
2020-05-10 138 13.0625 751.05 0 1
2020-05-11 118 13.025 754.825 1 1
2020-05-12 78 16.725 752.4375 0 0
2020-05-13 76 11.975 750.2 1 0
2020-05-14 139 9.4125 760.0625 0 0
2020-05-15 65 7.1875 755.3875 1 0
2020-05-16 84 8.25 757.1 0 1
2020-05-17 84 10.925 757.2125 1 1
2020-05-18 135 10.3375 754.025 1 0
2020-05-19 91 6.675 752.6125 1 0
2020-05-20 85 8.3875 753.4625 0 0
2020-05-21 60 9.7875 754.1625 1 0
2020-05-22 107 6.0125 756.2375 1 0
2020-05-23 95 7.075 762.9125 0 1
2020-05-24 121 7.975 762.2125 1 1
2020-05-25 71 10.175 767.0625 1 0
2020-05-26 115 11.3125 771.875 1 0
2020-05-27 81 12.9625 766.5 1 0
2020-05-28 83 15.375 767.4625 0 0
2020-05-29 63 19.3875 764.9875 0 0
2020-05-30 115 22.0125 759.7625 0 1
2020-05-31 130 11.5 756.075 1 1
2020-06-01 111 9.2625 759.2875 1 0
2020-06-02 61 10.6125 763.175 1 0
2020-06-03 107 13.8375 760.975 0 0
2020-06-04 98 14.45 755.975 1 0
2020-06-05 102 15.6125 760.2875 1 0
2020-06-06 81 15.7 760.6375 1 1
2020-06-07 152 18.25 762.7 0 1
2020-06-08 106 19.45 764.575 0 0
2020-06-09 133 20.5375 765.6375 0 0
2020-06-10 82 20.725 764.1625 0 0
2020-06-11 88 21.8125 761.675 1 0
2020-06-12 98 16.6 761.95 1 1
2020-06-13 85 12.8875 765.475 1 1
2020-06-14 60 15.6375 768.8625 0 1
2020-06-15 94 17.8125 768.7875 0 0
2020-06-16 91 19.5125 764.9875 1 0
2020-06-17 71 21.5125 762.4375 1 0
2020-06-18 48 17.725 763.7625 1 0
2020-06-19 71 20.075 763.8 0 0
2020-06-20 87 21.0625 760.2375 0 1
2020-06-21 105 15.175 762.95 0 1
2020-06-22 79 16.125 763.7125 0 0
2020-06-23 81 16.45 762.9875 0 0
2020-06-24 67 17.75 762.475 0 1
2020-06-25 91 15.2 766.2 0 0
2020-06-26 40 17.7 765.55 0 0
2020-06-27 84 22.1625 758.2625 1 1
2020-06-28 70 18.1125 756.95 0 1
2020-06-29 78 13.1625 758.025 0 0
2020-06-30 51 13.05 759.6375 0 0
2020-07-01 101 15.35 757.2375 1 1
2020-07-02 76 20.4875 757.9 1 0
2020-07-03 69 22.175 759.7875 1 0
2020-07-04 60 23.8875 759.55 1 1
2020-07-05 74 21.4 758 1 1
2020-07-06 63 23.8875 757.225 1 0
2020-07-07 65 26.6125 757.025 0 0
2020-07-08 49 28.8125 755.3375 1 0
2020-07-09 99 23.5875 756.0375 1 0
2020-07-10 75 17.65 762.6875 1 0
2020-07-11 96 19.6375 765.4375 0 1
2020-07-12 52 23.225 762.5875 0 1
2020-07-13 79 20.9 758.45 1 0
2020-07-14 67 24.8875 754.1875 1 0
2020-07-15 69 23.0375 753.95 1 0
2020-07-16 52 16.8 756.5625 0 0
2020-07-17 85 16.6 758.5125 0 0
2020-07-18 56 17.65 761.0375 1 1
2020-07-19 90 17.2 760.25 1 1
2020-07-20 71 16.6375 756.8 1 0
2020-07-21 96 17.225 751.55 1 0
2020-07-22 72 17.55 752.5875 1 0
2020-07-23 75 17.7875 753.7625 1 0
2020-07-24 58 16.375 758.6375 0 0
2020-07-25 106 15.8875 762.675 1 1
2020-07-26 74 17.3375 764.8625 0 1
2020-07-27 76 19.375 765.475 0 0
2020-07-28 79 21.1 764.25 1 0
2020-07-29 86 22.025 761.6625 0 0
2020-07-30 60 20.8 756.525 1 0
2020-07-31 73 16.875 754.5875 1 0
2020-08-01 71 16.3625 753.3625 1 1
2020-08-02 118 15 753.25 1 1
2020-08-03 98 15.8875 760.5375 0 0
2020-08-04 118 18.6375 764.4125 0 0
2020-08-05 77 20.0875 765.9 0 0
2020-08-06 114 20.175 765.475 0 0
2020-08-07 86 20.3875 765.3125 0 0
2020-08-08 115 17.625 763.8125 0 1
2020-08-09 101 18.2375 760.1125 1 1
2020-08-10 116 15.975 760.325 0 0
2020-08-11 101 16.2375 758.725 1 0
2020-08-12 102 16 757.05 1 0
2020-08-13 90 13.1375 756.0375 1 0
2020-08-14 97 10.9125 757.15 1 0
2020-08-15 117 12.8875 759.325 0 1
2020-08-16 119 13.6625 758.075 0 1
2020-08-17 92 16.25 753.8875 1 0
2020-08-18 116 12.675 757.0625 0 0
2020-08-19 123 12.025 758.9 0 0
2020-08-20 118 11.675 761.2125 0 0
2020-08-21 64 13.475 762.5125 0 0
2020-08-22 127 15.85 763.025 0 1
2020-08-23 90 17.0875 762.2125 0 1
2020-08-24 100 19.6625 758.5125 0 0
2020-08-25 88 19.6625 758.65 0 0
2020-08-26 92 20.8125 755.85 0 0
2020-08-27 82 17.375 755.95 0 0
2020-08-28 116 18.4 753.5625 0 0
2020-08-29 96 16.725 756.6375 1 1
2020-08-30 110 15.9625 762.2375 1 1
2020-08-31 91 22.5875 759.275 0 0
2020-09-01 113 21.625 757.9125 0 0
2020-09-02 75 14.5125 769.55 0 0
2020-09-03 101 13.575 774.5875 0 0
2020-09-04 101 14.7 771.8875 0 0
2020-09-05 101 14.95 768.525 0 1
2020-09-06 81 16.4375 766.1125 0 1
2020-09-07 122 18.1375 765.1375 0 0
2020-09-08 109 19.6 761.7875 0 0
2020-09-09 128 12.8625 753.75 1 0
2020-09-10 81 12.3875 755.975 1 0
2020-09-11 112 11.8125 755.0875 1 0
2020-09-12 105 11.8625 765.6125 1 1
2020-09-13 131 13.4 764.075 1 1
2020-09-14 88 11.9 758.3125 1 0
2020-09-15 128 10.225 759.0375 1 0
2020-09-16 112 8.9125 763.4875 0 0
2020-09-17 133 10.225 761.225 0 0
2020-09-18 100 12.5125 752.2 1 0
2020-09-19 115 7.275 753.8625 1 1
2020-09-20 126 6.85 755.7375 1 1
2020-09-21 126 7.425 758.15 1 0
2020-09-22 114 12.925 756.7625 0 0
2020-09-23 142 13.1 760.4625 0 0
2020-09-24 123 14.1625 765.525 0 0
2020-09-25 121 14.2125 767.8125 0 0
2020-09-26 133 12.55 769.9625 0 1
2020-09-27 194 12.1625 773.2625 0 1
2020-09-28 144 12.2 774.8375 0 0
2020-09-29 132 12.8625 773.8375 0 0
2020-09-30 136 12.6625 772.5 0 0
2020-10-01 156 13.525 772.7375 0 0
2020-10-02 167 13.525 773.4625 0 0
2020-10-03 190 12.4625 774.3125 0 1
2020-10-04 169 9.55 776.1 0 1
2020-10-05 192 8.1625 776.4375 0 0
2020-10-06 218 13.025 770.825 0 0
2020-10-07 174 12.4375 770.4125 0 0
2020-10-08 123 12.775 772.2 0 0
2020-10-09 200 11.925 771.4 0 0
2020-10-10 220 13.125 769.425 0 1
2020-10-11 254 10.95 769.5125 0 1
2020-10-12 205 10.025 765.9125 0 0
2020-10-13 209 12.775 765.4875 0 0
2020-10-14 166 14.5625 763.775 0 0
2020-10-15 197 12.15 759.15 1 0
2020-10-16 128 6.8625 757.7125 1 0
2020-10-17 255 1.825 764.4625 0 1
2020-10-18 263 4.3 756.225 1 1
2020-10-19 185 3.9125 757.075 1 0
2020-10-20 178 2.0625 757.65 1 0
2020-10-21 177 0.6 762.65 1 0
2020-10-22 182 1.4 764.85 0 0
2020-10-23 203 5.75 754.7875 1 0
2020-10-24 165 8.9 752.5125 1 1
2020-10-25 222 3.8375 758.25 1 1
2020-10-26 215 2.15 766.5375 1 0
2020-10-27 186 0.8875 773.8 0 0
2020-10-28 150 3.225 771.325 0 0
2020-10-29 210 2.8625 769.95 0 0
2020-10-30 219 1.8125 765.9875 0 0
2020-10-31 225 5.075 764.7375 0 1
2020-11-01 241 3.025 769.95 0 1
2020-11-02 282 3.075 770.4 1 1
2020-11-03 209 1.9625 771.575 1 1
2020-11-04 272 5.8 771.575 1 1
2020-11-05 183 6.5625 764.9875 1 0
2020-11-06 207 4.4875 753 1 0
2020-11-07 216 2.9875 754.9375 1 1
2020-11-08 271 4.8125 754.85 1 1
2020-11-09 187 -0.05 761.5 0 0
2020-11-10 212 0.025 761.725 1 0
2020-11-11 183 -0.4 768.1 1 0
2020-11-12 226 -1.15 769.8375 1 0
2020-11-13 162 -0.85 771.1 1 0
2020-11-14 231 -0.925 772.4375 1 1
2020-11-15 217 -5.375 776.7625 0 1
2020-11-16 209 -6.625 780.275 0 0
2020-11-17 155 -9.1625 783.8 0 0
2020-11-18 228 -7.6375 781.2375 0 0
2020-11-19 172 -3.25 771.2125 1 0
2020-11-20 177 -0.6125 766.9125 0 0
2020-11-21 216 -2.9875 772.7125 0 1
2020-11-22 228 -5.025 770.1375 0 1
2020-11-23 192 -3.45 761.6625 1 0
2020-11-24 190 -0.9875 757.175 1 0
2020-11-25 166 0.2 759.075 1 0
2020-11-26 222 -1.175 764.175 0 0
2020-11-27 171 -1.925 762.8 1 0
2020-11-28 240 -1.6375 768.6 1 1
2020-11-29 228 -0.675 776.925 1 1
2020-11-30 212 -2.475 778.95 1 0
2020-12-01 191 -5.175 778.9875 0 0
2020-12-02 178 -7.8125 780.1625 0 0
2020-12-03 191 -10.6875 780.5625 0 0
2020-12-04 241 -12.125 781.1875 0 0
2020-12-05 235 -10.4 782.775 0 1
2020-12-06 235 -8.4375 784.35 0 1
2020-12-07 206 -8.125 784.8625 0 0
2020-12-08 244 -8.8625 784.15 0 0
2020-12-09 180 -8.2375 783.7875 0 0
2020-12-10 195 -8.4625 781.975 0 0
2020-12-11 179 -9.9 779.275 0 0
2020-12-12 241 -13.45 777.925 0 1
2020-12-13 244 -11.15 777.75 0 1
2020-12-14 228 -11.05 773.975 0 0
2020-12-15 171 -8.3 769.425 1 0
2020-12-16 252 -6.0375 768.2 1 0
2020-12-17 176 -3.725 762.7125 1 0
2020-12-18 190 -3.3125 766.5 1 0
2020-12-19 183 -13.3 775.7625 0 1
2020-12-20 297 -12.4875 775.7 0 1
2020-12-21 201 -4.6625 774.5875 1 0
2020-12-22 199 -4.4625 772.7125 1 0
2020-12-23 171 -4.8875 769.7125 1 0
2020-12-24 236 -8.3 767.3875 1 0
2020-12-25 190 -5.0875 763.5125 1 0
2020-12-26 229 -6.85 757.775 1 1
2020-12-27 227 -4.1 761.0125 1 1
2020-12-28 210 -12.5625 775.0625 1 0
2020-12-29 200 -13.5875 777.0125 1 0
2020-12-30 194 -8.9 772.2 1 0
2020-12-31 151 -6.2625 770.6875 1 0
2021-01-01 303 -3.3625 768.55 1 1
2021-01-02 279 -5.025 767.2125 1 1
2021-01-03 252 -2.95 770.3875 1 1
2021-01-04 292 -1.725 774.45 1 1
2021-01-05 287 -2.975 774.1375 1 1
2021-01-06 234 -7.125 770.8875 1 1
2021-01-07 298 -9.15 767.925 1 1
2021-01-08 193 -6.325 763.5625 1 1
2021-01-09 288 -6.2125 761.6125 1 1
2021-01-10 240 -7.75 759.525 1 1
2021-01-11 230 -13.2875 764.4625 1 0
2021-01-12 201 -20.525 767.6875 1 0
2021-01-13 236 -24.5 772.025 1 0
2021-01-14 170 -16.6 761.55 1 0
2021-01-15 190 -10.025 757.225 1 0
2021-01-16 168 -11.2625 750.4375 1 1
2021-01-17 257 -18.125 756.75 1 1
2021-01-18 205 -22.6 764.8875 1 0
2021-01-19 176 -20.1625 763.225 0 0
2021-01-20 147 -15.2875 761.4875 1 0
2021-01-21 200 -9.075 762 1 0
2021-01-22 162 -11.1125 761.6625 1 0
2021-01-23 165 -5.65 761.15 1 1
2021-01-24 164 1.05 762.45 1 1
2021-01-25 202 1.475 764.725 1 0
2021-01-26 212 -0.1 763.2 1 0
2021-01-27 157 0.225 759.3375 1 0
2021-01-28 181 -0.35 757.5 1 0
2021-01-29 180 -5.775 753.8875 1 0
2021-01-30 242 -2.875 749.8875 1 1
2021-01-31 234 -1.775 747.8 1 1
2021-02-01 198 -4.1875 755.6125 1 0
2021-02-02 204 -8.5875 762.275 0 0
2021-02-03 227 -9.725 762.9 1 0
2021-02-04 198 -2.625 753.625 1 0
2021-02-05 175 -6.6 748.9625 1 0
2021-02-06 261 -17.375 751.5875 1 1
2021-02-07 237 -19.3875 753.6625 1 1
2021-02-08 220 -22.0125 762.3 1 0
2021-02-09 149 -18.525 767.6375 1 0
2021-02-10 218 -14.3875 765.475 1 0
2021-02-11 200 -14.6 765.6375 1 0
2021-02-12 217 -12.825 762.5 1 0
2021-02-13 212 -12.5625 755.65 1 1
2021-02-14 255 -15.4875 754.6625 1 1
2021-02-15 227 -19.1375 763.075 1 0
2021-02-16 196 -18.9 767.7375 0 0
2021-02-17 167 -16.6625 764.975 1 0
2021-02-18 207 -16.7125 764.85 1 0
2021-02-19 214 -18.525 764.225 1 0
2021-02-20 235 -20.375 769.75 1 1
2021-02-21 286 -18.3 769.9875 1 1
2021-02-22 244 -21.2875 771.7375 1 1
2021-02-23 241 -24.7375 781.0875 0 1
2021-02-24 251 -21.9625 780 0 0
2021-02-25 180 -16.2375 764.975 1 0
2021-02-26 200 -11.35 755.1625 1 0
2021-02-27 201 -10.45 751.625 1 1
2021-02-28 255 -11.95 760.75 0 1
2021-03-01 200 -5.8375 764.3625 1 0
2021-03-02 217 0.6625 752.175 1 0
2021-03-03 177 -2.1875 754.5875 1 0
2021-03-04 194 -1.5 747.7375 1 0
2021-03-05 189 -6.05 752.725 1 0
2021-03-06 204 -8.95 759.8625 1 1
2021-03-07 207 -8.9875 752.0125 1 1
2021-03-08 224 -6.45 747.15 1 1
2021-03-09 204 -11.8625 757.65 1 0
2021-03-10 242 -17.7375 765.7375 1 0
2021-03-11 192 -13.525 769.0125 0 0
2021-03-12 185 -11.425 769.4375 0 0
2021-03-13 213 -7.8 765.45 1 1
2021-03-14 247 -4.425 762.2875 1 1
2021-03-15 152 1.65 760.475 1 0
2021-03-16 213 0.525 764.0625 1 0
2021-03-17 177 -0.75 762.925 0 0
2021-03-18 201 -3.675 757.1125 1 0
2021-03-19 201 -1.725 757.2625 1 0
2021-03-20 181 -3.225 758.25 1 1
2021-03-21 234 -3.9125 753.3375 0 1
2021-03-22 213 -2.075 750.2875 1 0
2021-03-23 207 -0.3625 756.0125 1 0
2021-03-24 187 -0.25 762.9 0 0
2021-03-25 182 3.4125 761.6125 0 0
2021-03-26 176 3.6875 760.725 0 0
2021-03-27 165 3.925 763.4875 0 1
2021-03-28 231 1.75 769.9125 0 1
2021-03-29 193 1.95 775.1875 0 0
2021-03-30 179 3.0625 774.35 0 0
2021-03-31 183 1.725 763.1 1 0
2021-04-01 203 3.0625 756.975 1 0
2021-04-02 168 1.25 754.075 1 0
2021-04-03 224 1.5375 753.7375 1 1
2021-04-04 208 2.0375 755.525 1 1
2021-04-05 184 3.3625 755.6125 0 0
2021-04-06 174 4.4125 756.3375 0 0
2021-04-07 184 5.375 757.5375 0 0
2021-04-08 175 4.8625 751.8875 1 0
2021-04-09 188 3.4875 764.925 0 0
2021-04-10 175 4.875 770.875 0 1
2021-04-11 213 6.9125 771.95 0 1
2021-04-12 188 9.3375 776.425 0 0
2021-04-13 200 13.5125 772.3875 0 0
2021-04-14 148 15.975 767.5625 0 0
2021-04-15 153 16.5875 763.4 0 0
2021-04-16 151 9.7375 766.9625 0 0
2021-04-17 199 10.1625 768.8625 0 1
2021-04-18 171 10.3125 767.2125 0 1
2021-04-19 215 5.9625 770.05 0 0
2021-04-20 155 7.3625 769.2875 0 0
2021-04-21 177 4.8 760 1 0
2021-04-22 175 7.25 762.975 1 0
2021-04-23 183 12.2 764.3125 0 0
2021-04-24 155 11.075 756.7125 1 1
2021-04-25 231 3.1375 751.1625 1 1
2021-04-26 171 6.3125 756.9125 1 0
2021-04-27 229 4.8125 755.9625 1 0
2021-04-28 160 5.4875 756.1875 1 0
2021-04-29 212 6.2 762.675 1 0
2021-04-30 165 9.95 761.425 0 0
2021-05-01 246 10.85 755.35 1 1
2021-05-02 180 8.625 763.3875 0 1
2021-05-03 229 10.275 756.825 1 1
2021-05-04 165 10.9 748.8125 1 1
2021-05-05 211 7.1375 753.35 0 1
2021-05-06 175 14.5625 757.0125 0 1
2021-05-07 195 10.65 758.1 1 1
2021-05-08 144 12.1125 760.3375 0 1
2021-05-09 218 13.2 755.6125 1 1
2021-05-10 189 7.8875 765.4 1 1
2021-05-11 177 13.925 769.8375 0 0
2021-05-12 178 20.9375 768.225 0 0
2021-05-13 184 18.9 764.925 1 0
2021-05-14 159 18.6625 763.2625 0 0
2021-05-15 172 22.35 759.2375 0 1
2021-05-16 183 22.0625 759.575 0 1
2021-05-17 205 23.05 760.975 1 0
2021-05-18 152 25.1875 760.0625 0 0
2021-05-19 181 24.4125 758.4875 0 0
2021-05-20 131 20.475 755.7375 1 0
2021-05-21 177 16.2125 755.825 1 0
2021-05-22 179 16.2375 759.7125 1 1
2021-05-23 185 16.3 761.5125 1 1
2021-05-24 142 16.275 761.125 1 0
2021-05-25 161 15.6875 764.8625 0 0
2021-05-26 169 14.925 766.45 0 0
2021-05-27 163 18.1 764.8125 0 0
2021-05-28 157 19.2875 760.5 1 0
2021-05-29 213 17.5875 756.3625 1 1
2021-05-30 205 9.1125 759.175 1 1
2021-05-31 202 7.95 763.7625 0 0
2021-06-01 188 12.1 763.375 0 0
2021-06-02 235 14.8125 765.4375 0 0
2021-06-03 154 14.675 766.75 0 0
2021-06-04 190 16.4125 767.55 0 0
2021-06-05 184 17.925 764.75 0 1
2021-06-06 247 19.275 761.475 0 1
2021-06-07 196 20.575 759.1 0 0
2021-06-08 201 19.375 758.4 1 0
2021-06-09 189 15.6 759.175 1 0
2021-06-10 248 14.25 760.5625 1 0
2021-06-11 193 17.2875 760.9375 1 0
2021-06-12 299 18.025 758.7375 1 1
2021-06-13 252 18.725 756.5125 1 1
2021-06-14 264 21.175 759.85 1 1
2021-06-15 211 22.45 759.8125 1 0
2021-06-16 241 20.775 757.2375 1 0
2021-06-17 182 18.7 764.7375 0 0
2021-06-18 196 19.5875 769.7 0 0
2021-06-19 217 22.875 767.85 0 1
2021-06-20 271 25 766.0375 0 1
2021-06-21 251 25.875 765.425 0 0
2021-06-22 270 26.3875 765.7625 0 0
2021-06-23 246 26.85 765.15 0 0
2021-06-24 279 27.8375 764.05 0 0
2021-06-25 222 28.25 761.525 1 0
2021-06-26 305 25.525 759.6875 1 1
2021-06-27 280 24.7625 759.1625 1 1
2021-06-28 276 27.3375 756.8625 1 0
2021-06-29 258 23.7 754.4375 1 0
2021-06-30 265 22.5875 754.25 0 0
2021-07-01 218 19.325 754.9625 1 0
2021-07-02 191 19.05 755.3875 1 0
2021-07-03 221 18.8375 756.8 1 1
2021-07-04 249 19.25 758.625 0 1
2021-07-05 214 19.95 761.9 0 0
2021-07-06 214 20.7875 763.8375 0 0
2021-07-07 164 22.525 766.7125 0 0
2021-07-08 186 24.3625 765.575 0 0
2021-07-09 161 25.1875 764.9125 0 0
2021-07-10 189 25.9125 761.675 0 1
2021-07-11 214 23.9125 762.4625 0 1
2021-07-12 238 22.925 764.475 0 0
2021-07-13 199 25.4125 762.4375 0 0
2021-07-14 182 25.4625 760.325 1 0
2021-07-15 164 24.6375 758.3625 1 0
2021-07-16 195 25.8625 756.2 1 0
2021-07-17 227 25.3875 756.15 1 1
2021-07-18 220 25.7375 755.2375 0 1
2021-07-19 174 26.4375 754.05 0 0
2021-07-20 217 23.2375 753.1375 1 0
2021-07-21 190 20.9 754.9125 0 0
2021-07-22 216 19.0875 753.275 0 0
2021-07-23 185 16.4625 753.7375 1 0
2021-07-24 217 14.8 757.4875 1 1
2021-07-25 220 16.6625 764.625 1 1
2021-07-26 183 19.6 765.9125 0 0
2021-07-27 189 20.1625 763.85 0 0
2021-07-28 161 20.1875 761.825 0 0
2021-07-29 180 18.9125 755.825 1 0
2021-07-30 161 21.1875 753.275 1 0
2021-07-31 176 21.7125 752.55 0 1
2021-08-01 203 21.925 757.5625 0 1
2021-08-02 167 24.9375 757.25 1 0
2021-08-03 179 22.225 755.2625 1 0
2021-08-04 146 20.7375 759.0875 1 0
2021-08-05 157 18.5 762.6375 0 0
2021-08-06 144 18.0125 761.575 1 0
2021-08-07 168 18.7875 760.9 1 1
2021-08-08 147 24.1125 762.4625 0 1
2021-08-09 186 24.6125 763.8 0 0
2021-08-10 163 25.1375 763.4125 0 0
2021-08-11 157 23.6375 762.1625 1 0
2021-08-12 148 25.325 759.5125 0 0
2021-08-13 182 21.75 759.2625 1 0
2021-08-14 174 18.85 764.5375 0 1
2021-08-15 195 20.2 763.2 0 1
2021-08-16 135 22.4375 761.0875 0 0
2021-08-17 199 24.175 762.2 0 0
2021-08-18 139 25.3125 760.15 0 0
2021-08-19 169 26.95 758.1125 0 0
2021-08-20 124 26.6375 758.175 0 0
2021-08-21 190 24.9 758.3875 0 1
2021-08-22 150 18.4625 757.75 1 1
2021-08-23 171 17.4875 763.0625 0 0
2021-08-24 147 16.2125 764.05 0 0
2021-08-25 149 14.9 763.0375 0 0
2021-08-26 153 13.725 765.35 1 0
2021-08-27 159 16.5625 767.625 0 0
2021-08-28 143 13.7125 768.2 0 1
2021-08-29 154 13.9125 765.925 0 1
2021-08-30 152 18.15 764.1375 0 0
2021-08-31 173 16 761.225 1 0
2021-09-01 150 13.625 753.6375 1 0
2021-09-02 190 13.625 750.3625 1 0
2021-09-03 157 10.3625 749.7125 0 0
2021-09-04 214 7.7125 747.625 1 1
2021-09-05 179 7.6875 758.0375 1 1
2021-09-06 225 6.625 764.325 1 0
2021-09-07 160 8.975 764.875 1 0
2021-09-08 171 12.1125 762.0375 1 0
2021-09-09 159 13.6375 756.7375 1 0
2021-09-10 164 11.8125 759.1625 1 0
2021-09-11 176 10.875 764.675 1 1
2021-09-12 218 14.7875 760.6875 1 1
2021-09-13 178 16.5625 756.2875 1 0
2021-09-14 193 13.5625 752.5 1 0
2021-09-15 161 9.125 754.0625 1 0
2021-09-16 206 6.825 760.425 0 0
2021-09-17 161 6.0125 763.275 1 0
2021-09-18 219 6.4 767.0125 1 1
2021-09-19 229 5.825 769.8625 0 1
2021-09-20 233 5.25 769.25 0 0
2021-09-21 171 6.1625 765.5 1 0
2021-09-22 228 6.9 760.9 1 0
2021-09-23 162 10.05 762.1125 1 0
2021-09-24 242 9.0875 757.8875 1 0
2021-09-25 261 8.175 756.3375 1 1
2021-09-26 279 9.125 754.65 1 1
2021-09-27 225 7.525 762.1125 1 0
2021-09-28 214 5.4375 771.3125 1 0
2021-09-29 209 3.6 774.525 0 0
2021-09-30 235 5.3625 774.5625 1 0
2021-10-01 214 5.0875 774.6875 1 0
2021-10-02 302 5.7375 775.2125 1 1
2021-10-03 301 6.3125 776.075 1 1
2021-10-04 290 6.5625 778.6 1 0
2021-10-05 258 6.25 782.675 0 0
2021-10-06 269 3.875 784.05 0 0
2021-10-07 247 5.2125 783.4 0 0
2021-10-08 325 5.85 780.6 0 0
2021-10-09 317 6.55 776.45 0 1
2021-10-10 347 8.4125 773.4625 0 1
2021-10-11 316 10.7125 770.1875 0 0
2021-10-12 333 8.6 767.175 0 0
2021-10-13 316 9.8125 765.1375 1 0
2021-10-14 343 9.9875 762.9625 1 0
2021-10-15 288 6.225 758.2125 1 0
2021-10-16 368 7.8 761.45 0 1
2021-10-17 337 8.1875 759.2625 1 1
2021-10-18 396 5.275 756.125 1 0
2021-10-19 307 1.4375 757.75 1 0
2021-10-20 330 1.675 762.625 1 0
2021-10-21 263 4.95 750.95 1 0
2021-10-22 371 10.575 745.925 1 0
2021-10-23 306 6.8125 753.15 1 1
2021-10-24 361 3.225 756.9875 1 1
2021-10-25 322 0.0375 767.1125 1 0
2021-10-26 322 1.55 765.75 0 0
2021-10-27 266 3.65 760.25 1 0
2021-10-28 331 5.35 757.9625 1 0
2021-10-29 270 1.2 767.9375 1 0
2021-10-30 358 8.125 766.6375 0 1
2021-10-31 303 8.05 766.9375 1 1
2021-11-01 332 5.15 766.15 1 0
2021-11-02 275 4.4625 769.35 1 0
2021-11-03 281 4.4625 771.3 1 0
2021-11-04 323 3.6875 770.1375 1 1
2021-11-05 369 5.75 768.8375 1 1
2021-11-06 329 8.4375 758.7625 1 1
2021-11-07 366 4.15 756.5625 1 1
2021-11-08 253 4.1625 754.4125 1 0
2021-11-09 268 2.0375 755.45 1 0
2021-11-10 230 -3.675 771.5625 1 0
2021-11-11 255 -1.6875 764.8625 1 0
2021-11-12 228 0.0875 756.1625 1 0
2021-11-13 247 -0.1125 759.2125 1 1
2021-11-14 304 -1.1625 769.425 1 1
2021-11-15 290 -2.3625 770.0875 1 0
2021-11-16 224 -2.4625 769.8125 0 0
2021-11-17 238 -0.9125 765.875 1 0
2021-11-18 233 -2.0625 765.6125 1 0
2021-11-19 253 -2.65 756.5875 1 0
2021-11-20 268 -1.05 741.5 1 1
2021-11-21 308 -0.85 740.8125 1 1
2021-11-22 236 -3.1125 748.6375 1 0
2021-11-23 251 -7.2125 759.9375 1 0
2021-11-24 244 -7.1625 759.9125 1 0
2021-11-25 236 -1.6375 756.1875 1 0
2021-11-26 243 1.1 757.575 0 0
2021-11-27 306 0.1 759.7375 1 1
2021-11-28 347 0.9125 755.4625 1 1
2021-11-29 293 1.7875 756.675 1 0
2021-11-30 266 4.35 737.65 1 0
2021-12-01 249 -0.6 740.1125 1 0
2021-12-02 255 -4.8125 748.5625 1 0
2021-12-03 330 -1.075 751.6875 1 0
2021-12-04 322 -0.3625 751.075 1 1
2021-12-05 351 -4.7 760.475 1 1
2021-12-06 317 -11.0125 769.1375 1 0
2021-12-07 305 -6.6 768.9375 1 0
2021-12-08 246 -0.85 763.925 1 0
2021-12-09 313 -3.2375 766.5625 1 0
2021-12-10 244 -14.3625 775.175 0 0
2021-12-11 404 -15.5125 779.4125 0 1
2021-12-12 380 -13.0125 779.5125 0 1
2021-12-13 322 -6.9875 774.3375 0 0
2021-12-14 309 -4.3125 770.5375 1 0
2021-12-15 347 -4.5 767.5125 1 0
2021-12-16 284 -2.4 758.7375 1 0
2021-12-17 315 -1.25 755.4375 1 0
2021-12-18 359 -2.6125 758.275 1 1
2021-12-19 437 -5.3 745.6625 1 1
2021-12-20 327 -5.3875 741.2375 1 0
2021-12-21 303 -16.5875 752.6875 1 0
2021-12-22 287 -24.1 758.3875 1 0
2021-12-23 317 -24.9375 759.1625 1 0
2021-12-24 287 -14.2375 758.0875 1 0
2021-12-25 352 -12.25 750.5625 1 1
2021-12-26 448 -11.1625 751.05 1 1
2021-12-27 389 -12.475 756.5875 1 0
2021-12-28 308 -14.575 767.35 1 0
2021-12-29 288 -15.1125 772.1875 1 0
2021-12-30 320 -12.1625 767.95 1 0
2021-12-31 294 -8.7875 761.1875 1 1
2022-01-01 309 -4.5875 750.9125 1 1
2022-01-02 374 -6.4 752.275 1 1
2022-01-03 339 -12.775 753.7375 1 1
2022-01-04 411 -15.175 753.675 1 1
2022-01-05 317 -11.5875 755.1 1 1
2022-01-06 323 -3.9375 747.1875 1 1
2022-01-07 344 -2.8 748.7375 1 1
2022-01-08 357 -10.775 761.6125 1 1
2022-01-09 348 -8.3875 768.175 0 1
2022-01-10 283 -6.8625 764.0375 1 0
2022-01-11 238 -8.5125 766.3125 1 0
2022-01-12 291 -13.375 770.4125 1 0
2022-01-13 243 -12.625 758.6875 1 0
2022-01-14 262 -9.15 735.7625 1 0
2022-01-15 285 -6.575 736.225 1 1
2022-01-16 340 -4.65 748.8375 1 1
2022-01-17 318 -5.7875 746.0125 1 0
2022-01-18 280 -2.7875 748.1 1 0
2022-01-19 242 -8.625 759.8625 1 0
2022-01-20 306 -8.525 758 1 0
2022-01-21 286 -9.0875 756.775 1 0
2022-01-22 351 -7.75 759.7625 1 1
2022-01-23 416 -9.7 769.8375 1 1
2022-01-24 479 -10.3625 776.5375 1 0
2022-01-25 358 -12.5125 769.15 0 0
2022-01-26 438 -11.8875 761.5375 1 0
2022-01-27 360 -11.4875 762.35 1 0
2022-01-28 385 -11.7625 760.8875 1 0
2022-01-29 442 -7.925 756.5625 1 1
2022-01-30 415 -8.8125 752.35 1 1
2022-01-31 23 -4.35 750.6375 1 0
2022-02-01 508 -0.8625 748 1 0
2022-02-02 376 -3.575 754.8125 1 0
2022-02-03 391 -6.175 760.1375 0 0
2022-02-04 363 -7.625 759.55 1 0
2022-02-05 450 -7.6875 757.375 1 1
2022-02-06 425 -9.3875 756.3375 1 1
2022-02-07 374 -8.425 757 1 0
2022-02-08 367 -2.025 757.2875 1 0
2022-02-09 367 -0.75 756.225 1 0
2022-02-10 342 -3.225 756.125 0 0
2022-02-11 347 -0.9125 754.35 1 0
2022-02-12 367 -1.4375 757.7125 1 1
2022-02-13 402 -3.7375 761.65 1 1
2022-02-14 292 -3.6875 762.7875 1 0
2022-02-15 348 -2.9375 763.325 0 0
2022-02-16 297 -2.5 765.025 0 0
2022-02-17 310 -0.575 756.5875 1 0
2022-02-18 244 1.975 748.325 1 0
2022-02-19 258 1.15 752 1 1
2022-02-20 304 1.025 746.3625 1 1
2022-02-21 297 0.2125 751.8375 1 0
2022-02-22 222 0.8125 749.55 1 0
2022-02-23 270 1.75 752.5625 1 1
2022-02-24 210 -1.3 764.9625 0 0
2022-02-25 239 -1.2625 768.7875 0 0
2022-02-26 279 -1.75 765.925 1 1
2022-02-27 243 -0.2625 771.3625 0 1
2022-02-28 195 -1.125 774.4625 0 0
2022-03-01 265 -2.8375 773.525 0 0
2022-03-02 196 -1.2125 769.0625 0 0
2022-03-03 247 -1.4125 760.65 0 0
2022-03-04 224 -2.975 758.175 1 0
2022-03-05 226 -2.05 757 1 1
2022-03-06 238 -6.5125 758.05 0 1
2022-03-07 220 -4.1875 755.55 1 0
2022-03-08 229 -7.7625 763.6125 1 0
2022-03-09 263 -11 770.0875 0 0
2022-03-10 202 -10.25 775.9375 0 0
2022-03-11 211 -8.5375 774.1875 0 0
2022-03-12 234 -7.525 768.4875 0 1
2022-03-13 264 -6.05 767.1625 1 1
2022-03-14 249 -2.125 765.65 1 0
2022-03-15 178 -4.125 773.8125 1 0
2022-03-16 199 -5.7875 778.2875 0 0
2022-03-17 240 -5.3375 781.275 0 0
2022-03-18 190 -2.1625 780.3625 0 0
2022-03-19 235 -0.0875 780.3625 0 1
2022-03-20 190 1.8 773.4 0 1
2022-03-21 240 3.15 769.8625 0 0
2022-03-22 212 3.9625 771.05 0 0
2022-03-23 191 4.0125 767.875 0 0
2022-03-24 203 3.45 763.3125 0 0
2022-03-25 214 3.15 763.2625 1 0
2022-03-26 218 3.3375 749.25 1 1
2022-03-27 261 -1.8875 743.5 1 1
2022-03-28 196 -5.0375 751.8875 1 0
2022-03-29 259 -2.55 743.6625 1 0
2022-03-30 185 -3.6375 753.4625 1 0
2022-03-31 193 -1.5625 760.3 0 0
2022-04-01 184 -0.4375 760.1625 1 0
2022-04-02 240 -0.1875 754.775 1 1
2022-04-03 257 0.1875 743.2125 1 1
2022-04-04 247 -0.5625 750.4125 0 0
2022-04-05 236 1.5625 753.95 0 0
2022-04-06 228 1.2 751.25 1 0
2022-04-07 220 1.275 756.075 1 0
2022-04-08 210 9.0875 754.6125 0 0
2022-04-09 211 7.5625 755.3375 1 1
2022-04-10 291 7.35 757.7 1 1
2022-04-11 234 10.425 758.7875 1 0
2022-04-12 190 12.525 759.5625 0 0
2022-04-13 187 12.2625 759.6375 0 0
2022-04-14 200 5.9625 761.15 0 0
2022-04-15 190 5.3 759.05 0 0
2022-04-16 225 0.925 763.1 1 1
2022-04-17 190 0.0875 765.525 1 1
2022-04-18 209 3.5 765.8125 0 0
2022-04-19 220 3.5875 765.9 1 0
2022-04-20 175 8.3625 764.6875 1 0
2022-04-21 175 9.3 766.0625 0 0
2022-04-22 182 9.0375 766.4125 0 0
2022-04-23 204 10.175 762.8 0 1
2022-04-24 218 13.2625 761.5375 0 1
2022-04-25 212 13.1875 758.7625 1 0
2022-04-26 239 14.8 755.1 1 0
2022-04-27 203 10.75 756.9875 1 0
2022-04-28 219 3.175 765.575 1 0
2022-04-29 219 3.9875 769.0625 0 0
2022-04-30 215 3.7625 765.5875 1 1
2022-05-01 234 4.8625 766.5375 0 1
2022-05-02 238 7.4875 763.4 1 1
2022-05-03 239 11.05 756.825 1 1
2022-05-04 228 7.95 755.075 1 0
2022-05-05 163 3.6875 764.75 1 0
2022-05-06 198 7.8875 771.275 0 0
2022-05-07 217 12.3125 770.825 0 1
2022-05-08 250 14.075 766.2625 0 1
2022-05-09 205 8.1625 760.725 1 1
2022-05-10 247 3.8875 756.8375 1 1
2022-05-11 212 8.35 752.55 1 0
2022-05-12 206 7.0625 754.55 1 0
2022-05-13 192 10.575 748.4625 1 0
2022-05-14 211 12.1 749.8375 1 1
2022-05-15 225 11.4625 750.325 1 1
2022-05-16 178 9.7875 750.075 1 0
2022-05-17 229 9.1125 749.925 1 0
2022-05-18 189 9.2875 754.425 1 0
2022-05-19 198 7.875 757.2375 1 0
2022-05-20 202 6.875 759.8625 1 0
2022-05-21 180 6.05 758.3 1 1
2022-05-22 238 4.375 753.4375 0 1
2022-05-23 231 3.4375 751.3125 1 0
2022-05-24 77 3.85 753.125 1 0
